0	2
0	3
0	4
0	15
0	16
0	28
0	41
0	50
0	107
0	131
0	212
0	229
0	236
0	248
0	290
0	317
0	323
0	326
0	428
0	450
0	472
1	2
1	9
1	336
2	3
2	4
2	5
2	6
2	8
2	10
2	11
2	13
2	14
2	21
2	23
2	26
2	27
2	36
2	38
2	41
2	58
2	61
2	65
2	69
2	78
2	79
2	98
2	116
2	125
2	136
2	139
2	144
2	149
2	151
2	178
2	183
2	191
2	209
2	221
2	224
2	234
2	242
2	258
2	262
2	292
2	310
2	343
2	384
2	395
2	412
2	415
2	428
2	452
2	453
2	469
2	471
2	482
2	493
3	5
3	6
3	11
3	17
3	18
3	23
3	29
3	31
3	44
3	45
3	48
3	76
3	102
3	112
3	114
3	135
3	157
3	171
3	215
3	237
3	340
3	376
3	498
4	7
4	8
4	10
4	17
4	19
4	26
4	27
4	29
4	30
4	38
4	47
4	50
4	63
4	67
4	73
4	76
4	81
4	85
4	87
4	89
4	92
4	93
4	96
4	98
4	101
4	106
4	109
4	111
4	117
4	126
4	148
4	154
4	168
4	170
4	176
4	191
4	245
4	255
4	268
4	286
4	287
4	289
4	349
4	350
4	363
4	366
4	375
4	381
4	385
4	387
4	390
4	394
4	414
4	427
4	444
4	446
4	449
4	454
4	455
5	7
5	9
5	15
5	19
5	22
5	49
5	66
5	83
5	103
5	110
5	114
5	124
5	132
5	142
5	165
5	174
5	227
5	246
5	250
5	294
5	304
5	306
5	316
5	443
5	448
5	468
5	474
6	13
6	16
6	34
6	46
6	119
6	200
6	283
6	301
6	336
6	424
7	12
7	18
7	22
7	45
7	51
7	70
7	137
7	223
7	305
7	382
7	393
7	456
7	463
8	33
8	37
8	182
8	353
8	362
9	12
9	14
9	28
9	49
9	51
9	59
9	60
9	64
9	77
9	94
9	95
9	115
9	146
9	159
9	192
9	233
9	260
9	265
9	267
9	268
9	309
9	425
9	438
10	20
10	34
10	37
10	40
10	143
10	333
12	72
12	113
12	123
12	175
12	302
12	351
12	374
12	400
12	463
13	20
13	36
14	160
14	174
14	199
14	329
14	344
14	404
14	481
15	327
16	160
16	171
16	173
16	197
17	25
17	30
17	48
17	62
17	107
17	134
17	138
17	167
17	222
17	308
17	364
17	373
17	437
18	44
18	99
18	127
18	150
18	196
18	312
18	364
18	447
19	24
19	181
19	298
19	346
19	359
19	399
19	429
20	21
20	97
20	104
20	151
20	470
21	69
21	74
21	84
21	105
21	117
21	335
21	398
22	24
22	25
22	35
22	53
22	74
22	75
22	96
22	119
22	165
22	387
22	400
22	427
22	445
23	33
23	39
23	43
23	46
23	56
23	62
23	97
23	158
23	161
23	163
23	172
23	186
23	274
23	402
24	47
24	60
24	68
24	71
24	88
24	99
24	105
24	269
24	325
24	355
25	31
25	32
25	40
25	54
25	61
25	83
25	85
25	89
25	101
25	115
25	118
25	145
25	162
25	166
25	356
25	397
25	408
25	425
25	442
26	216
26	228
26	251
26	372
26	450
27	56
27	152
27	188
27	210
27	253
29	55
29	70
29	136
29	198
29	423
30	42
30	53
30	120
30	123
30	244
30	347
30	402
30	422
31	32
31	133
31	225
31	299
31	338
32	35
32	79
32	134
32	220
32	234
32	240
32	314
32	395
33	39
33	42
33	43
33	52
33	63
33	67
33	75
33	129
33	186
33	207
33	243
34	57
34	227
35	57
35	146
35	261
35	275
36	109
36	263
36	343
36	421
37	52
37	248
37	367
38	55
38	65
38	169
38	467
39	54
39	77
39	80
39	358
41	58
41	80
41	94
41	104
41	147
41	231
41	280
42	72
42	86
42	161
42	228
42	236
42	239
42	258
42	353
42	468
42	486
43	64
43	87
43	280
43	307
43	403
43	420
44	292
45	102
45	183
45	324
46	82
46	195
46	388
47	120
47	335
48	106
48	170
48	195
48	222
49	71
49	113
49	122
49	370
49	429
49	488
50	93
50	152
50	376
50	421
51	90
51	92
51	264
51	355
52	287
52	420
53	59
53	100
53	110
53	180
53	219
53	233
53	475
55	90
55	121
55	131
55	153
55	238
55	277
55	349
56	179
56	368
56	388
56	460
58	73
59	145
60	164
60	180
60	241
60	445
61	149
61	154
61	182
61	275
61	415
63	66
63	225
63	485
64	68
64	124
64	142
64	158
64	177
64	214
64	254
64	309
64	409
65	150
65	192
65	209
65	223
65	245
65	320
65	441
65	496
67	396
69	84
69	250
69	289
69	326
69	334
69	457
70	125
70	304
71	157
71	221
71	494
72	86
72	127
72	143
72	218
72	256
72	261
72	276
72	302
72	404
74	207
74	269
74	282
74	329
74	339
74	408
75	78
75	310
76	95
76	116
76	448
77	82
77	169
77	201
77	377
77	484
77	492
78	100
78	303
78	454
78	492
79	187
79	193
79	319
80	81
80	108
80	188
80	260
80	303
80	324
81	88
81	121
81	156
82	91
82	111
82	112
82	130
82	184
82	201
82	267
82	483
83	91
83	132
83	266
83	347
83	483
83	490
84	153
84	155
84	177
84	291
84	301
84	486
85	108
85	168
85	190
85	273
85	330
85	368
85	444
85	495
86	193
86	284
86	379
87	122
87	129
87	316
87	396
88	217
88	416
88	426
89	128
89	203
89	243
89	431
89	474
90	103
90	219
90	422
90	487
91	126
91	138
91	140
91	159
91	175
91	461
93	321
93	323
93	351
95	487
96	390
96	460
97	185
97	296
97	345
97	354
99	144
99	190
99	203
99	252
99	255
99	348
100	133
100	155
100	173
100	244
100	274
101	118
101	240
101	406
102	322
102	365
102	384
103	251
103	312
104	128
104	189
104	253
104	383
105	205
105	206
105	286
105	372
106	358
107	313
108	254
108	266
109	242
109	439
110	198
110	249
110	494
111	456
111	473
112	300
112	315
112	325
112	328
112	360
112	406
112	462
113	164
113	213
113	272
113	278
113	418
114	344
115	189
115	407
116	381
117	206
117	295
119	184
119	194
119	218
119	235
119	297
119	434
120	278
120	313
120	318
120	403
121	256
121	373
122	308
122	361
122	496
123	237
124	196
125	140
125	167
125	212
125	283
125	386
126	135
126	139
127	130
127	141
127	147
127	208
127	226
127	340
127	499
128	162
128	178
128	232
128	386
128	426
128	476
130	331
131	214
132	208
132	369
133	307
134	239
134	282
134	294
135	137
138	141
138	148
138	156
138	220
138	257
138	366
138	497
139	204
139	277
140	246
140	321
141	172
142	359
146	166
146	176
146	229
146	235
147	410
147	472
148	339
149	311
150	200
150	211
150	271
150	279
150	315
150	361
150	473
152	419
154	257
156	179
156	389
159	252
161	163
161	202
161	413
161	432
162	187
164	264
165	185
165	217
165	461
166	497
167	202
167	288
167	305
169	213
169	285
171	332
173	273
174	405
174	488
175	409
175	416
176	232
176	457
177	306
177	392
177	410
178	181
178	199
178	319
179	469
181	211
181	337
184	350
185	270
185	338
185	479
188	284
188	437
188	442
189	371
189	375
190	389
190	466
191	197
191	337
191	391
192	194
193	290
194	205
194	262
194	293
194	295
194	417
194	423
196	380
197	271
198	259
198	436
199	210
200	204
200	247
200	462
201	265
201	484
202	300
203	281
203	367
206	215
206	259
207	241
207	247
207	272
207	380
207	430
209	369
210	285
213	216
213	345
214	458
215	334
216	231
216	314
218	352
218	393
219	238
220	320
220	435
222	224
222	230
223	230
223	490
224	226
230	418
231	276
231	298
233	424
234	478
236	296
236	465
236	481
237	333
238	341
238	399
238	434
238	475
240	331
241	291
241	480
242	249
244	480
244	495
247	438
251	449
251	451
252	365
253	263
253	270
253	279
253	342
253	362
253	470
255	471
256	281
256	360
256	401
256	465
257	382
257	401
258	293
261	311
264	297
267	378
271	443
271	446
272	459
272	479
277	299
277	317
277	341
280	348
280	394
280	466
280	477
285	357
286	288
286	318
287	377
289	327
289	346
289	414
289	440
290	391
291	379
291	432
291	476
292	322
292	357
295	493
296	352
301	378
305	330
312	371
312	374
313	385
314	354
314	431
319	328
322	332
324	453
324	464
324	485
328	482
329	407
333	342
337	419
337	459
338	499
344	363
350	405
351	356
351	441
351	489
357	440
360	411
362	436
368	397
369	370
369	383
369	411
371	398
372	435
372	451
383	413
386	433
386	464
388	412
390	392
390	467
390	491
394	439
395	498
403	477
406	417
414	491
419	455
424	433
425	430
434	458
437	447
439	452
456	478
461	489
