0	0
0	17
0	26
0	45
0	80
0	96
0	97
0	129
0	176
0	192
0	265
0	266
0	310
0	365
0	514
0	521
0	642
0	752
0	755
0	768
0	792
0	857
0	899
0	929
0	967
0	1024
0	1040
0	1078
0	1090
0	1097
0	1120
0	1132
0	1138
0	1189
0	1321
0	1560
0	1604
0	1667
0	1860
0	2045
0	2048
0	2050
0	2097
0	2178
0	2204
0	2252
0	2272
0	2283
0	2440
0	2527
0	2638
0	2820
0	2865
0	2914
0	3140
0	3172
0	3204
0	3206
0	3328
0	3396
0	3470
0	3712
0	3781
1	89
1	139
1	284
1	334
1	401
1	642
1	792
1	1026
1	1066
1	1138
1	1200
1	2054
1	2112
1	2128
1	2320
1	2697
1	2724
1	2960
1	3166
1	3318
1	3684
2	48
2	149
2	160
2	161
2	265
2	668
2	1032
2	1159
2	1296
2	1883
2	1964
2	2062
2	2395
2	2471
2	2566
2	2741
2	2801
2	2920
2	3356
2	3597
3	336
3	568
3	960
3	1078
3	1080
3	1508
3	2096
3	2320
3	2688
3	2826
3	3592
4	0
4	73
4	169
4	208
4	322
4	336
4	650
4	664
4	1045
4	1088
4	1424
4	1497
4	1696
4	1793
4	2032
4	2115
4	2195
4	2196
4	2441
4	2514
4	2856
4	2867
4	2880
4	3107
4	3238
4	3883
5	2
5	8
5	73
5	206
5	468
5	848
5	1110
5	3336
5	3904
6	0
6	97
6	448
6	473
6	1056
6	1156
6	1331
6	1541
6	2144
6	2592
6	3144
7	564
7	1040
7	2592
8	12
8	16
8	145
8	230
8	275
8	450
8	560
8	576
8	579
8	776
8	1154
8	1216
8	1280
8	1341
8	1368
8	1395
8	1808
8	1829
8	2055
8	2116
8	2155
8	2320
8	2710
8	2721
8	2933
8	3297
8	3333
8	3397
8	3410
8	3888
9	32
9	160
9	194
9	386
9	576
9	834
9	1092
9	1172
9	1346
9	1794
9	2212
9	2244
10	76
10	87
10	128
10	500
10	648
10	2580
10	3315
11	0
11	272
11	513
12	98
12	448
12	1028
12	1152
12	1826
12	2560
12	2576
12	2867
12	3409
12	3651
13	928
13	2210
13	2496
14	326
14	514
14	532
14	1313
14	1792
14	2578
15	112
16	20
16	51
16	64
16	225
16	290
16	612
16	672
16	812
16	1158
16	1412
16	1569
16	1698
16	1922
16	2146
16	2156
16	2201
16	2218
16	2304
16	2637
16	3076
16	3077
16	3489
16	3492
16	3588
16	3648
16	3910
17	0
17	64
17	146
17	204
17	514
17	552
17	774
17	1421
17	1760
17	2248
17	3136
18	0
18	4
18	8
18	27
18	96
18	320
18	452
18	825
18	2221
18	3776
19	544
19	705
19	897
19	1304
19	2120
19	2960
19	3072
20	2
20	40
20	137
20	202
20	648
20	1224
20	1411
20	1568
20	2083
20	2098
20	2339
20	2594
21	66
21	1032
21	2402
22	33
22	64
22	1035
22	2072
22	3809
23	2048
24	3
24	36
24	418
24	485
24	612
24	705
24	770
24	1636
24	2817
25	100
25	1026
25	1824
25	2370
25	3463
26	0
26	4
26	257
26	1856
26	2912
26	3072
27	76
27	2164
27	3124
28	321
28	1057
28	1315
28	2690
28	2955
29	1123
30	1610
32	24
32	257
32	323
32	474
32	528
32	567
32	579
32	640
32	851
32	944
32	1034
32	1046
32	1282
32	1352
32	1661
32	1779
32	2064
32	2068
32	2129
32	2144
32	2312
32	2632
32	2769
32	3140
32	3208
32	3284
32	3526
33	4
33	32
33	83
33	133
33	517
33	524
33	1090
33	2048
33	2200
33	2576
33	2624
33	2861
34	26
34	28
34	97
34	531
34	733
34	1868
34	2053
34	3049
34	3393
35	260
35	304
35	498
35	1793
35	2096
35	2704
35	2752
35	3484
36	67
36	241
36	258
36	1074
36	1092
36	1118
36	1476
36	1580
36	1674
36	2048
36	2056
36	2113
36	2317
36	2887
36	2891
36	3761
37	537
37	792
37	1218
37	1794
37	3072
38	581
38	2315
38	3784
38	3904
39	1161
40	66
40	673
40	963
40	1452
40	2561
40	2641
40	2950
40	3233
40	3415
41	512
41	771
41	1992
41	2048
42	12
42	64
42	513
42	785
42	2129
43	448
43	2196
44	21
44	1024
44	2049
44	2242
44	2482
45	576
46	3305
47	288
47	3584
48	1588
48	1914
48	2085
48	2184
49	0
49	198
49	1296
49	2380
49	2496
50	2309
50	2948
50	3592
51	3604
52	72
52	407
53	32
53	2690
54	1024
54	1345
55	1312
56	4
56	839
56	1479
56	1921
56	2119
56	3106
57	1536
58	689
58	1096
58	1224
59	1281
60	865
61	64
62	966
63	2048
64	155
64	164
64	257
64	259
64	268
64	290
64	358
64	396
64	452
64	538
64	580
64	642
64	681
64	797
64	802
64	1041
64	1057
64	1083
64	1088
64	1100
64	1120
64	1201
64	1685
64	1701
64	2068
64	2091
64	2180
64	2181
64	2188
64	2226
64	2256
64	2320
64	2718
64	2864
64	3228
64	3360
64	3372
64	3393
64	3642
65	42
65	53
65	76
65	268
65	296
65	434
65	534
65	655
65	1038
65	1816
65	1930
65	2204
65	2510
65	3152
66	0
66	680
66	1041
66	1054
66	2049
66	2105
66	2304
67	93
67	136
67	260
67	677
67	796
67	1669
68	542
68	906
68	1284
68	1793
68	2441
68	2603
69	16
69	128
69	279
69	2064
70	557
70	2232
71	2825
72	34
72	35
72	36
72	592
72	1054
72	1094
72	1955
72	2226
72	3113
73	4
73	52
73	130
73	962
73	976
73	2097
73	2176
74	516
74	2037
74	2100
74	2436
75	2100
76	1138
76	1431
76	1457
76	1666
76	2116
77	610
77	850
77	1682
77	2854
77	2997
78	1664
80	6
80	553
80	1032
80	1220
80	1680
80	1740
80	1924
80	2182
80	2312
81	106
81	130
81	544
81	1078
81	2190
81	2890
81	3202
81	3776
81	3840
82	65
83	1672
84	1025
84	1808
84	2308
84	2613
84	3399
85	2064
85	2816
87	2048
88	4
88	38
88	1056
88	1287
88	1440
88	2308
88	3203
89	2048
90	385
90	544
91	164
92	2048
92	2311
92	2560
92	2562
95	2074
96	775
96	968
96	1356
96	3138
97	264
97	320
97	848
97	1282
97	1408
97	1664
97	3600
97	3850
98	0
98	398
98	1028
98	3346
99	3152
100	216
100	256
100	537
100	1025
100	1285
100	2067
101	2568
102	2584
102	2592
102	3096
102	3850
103	3848
104	595
104	698
105	739
105	1174
105	2198
106	1889
107	260
108	1554
108	2560
108	2563
109	18
110	576
110	3457
112	0
112	5
112	230
112	398
112	1024
112	2100
113	2310
116	2075
116	2696
116	3592
117	1344
119	128
122	1280
122	1548
124	3
124	1832
128	8
128	256
128	280
128	395
128	512
128	535
128	770
128	871
128	1034
128	1152
128	1306
128	2066
128	2084
128	2121
128	2316
128	2389
128	2561
128	2913
128	3212
128	3371
128	3380
128	3586
128	3680
129	88
129	777
129	792
129	1124
129	1286
129	1579
129	2059
129	2134
129	3074
129	3089
129	3644
130	72
130	112
130	256
130	472
130	513
130	836
130	876
130	1381
130	1958
131	1024
131	1184
131	1370
131	1409
131	1856
131	2712
132	1
132	40
132	48
132	147
132	258
132	667
132	2056
132	2592
132	3082
133	302
133	771
133	1548
133	2252
133	2562
134	700
134	1545
134	2441
135	33
136	213
136	621
136	1028
136	1205
136	1332
136	1856
136	2082
136	3840
137	256
137	587
137	2054
137	2176
137	3092
138	432
138	1025
138	2125
139	308
139	1028
140	0
140	48
140	401
140	1137
141	3840
142	81
142	1281
142	2145
143	584
143	832
144	122
144	555
144	1026
144	1794
145	33
145	528
145	576
145	1572
146	44
146	1345
146	1835
146	3113
147	2146
148	72
148	3272
149	1032
149	2930
150	1044
152	64
152	114
153	1474
153	1632
153	2049
153	2312
154	777
155	2084
156	352
156	513
156	1092
157	384
160	0
160	4
160	98
160	536
160	584
160	593
160	841
160	1160
160	2059
160	2060
160	2064
160	2821
161	110
161	1808
161	2310
161	2608
162	256
162	533
162	560
162	2048
162	2088
164	289
164	1088
164	2118
164	2649
165	72
168	323
168	1048
170	1365
171	2099
173	544
173	1552
174	176
176	612
176	903
176	944
176	2304
176	3844
177	256
180	11
180	385
180	1061
180	1344
180	2368
182	1152
184	0
184	256
188	3105
189	200
191	2572
192	34
192	42
192	282
192	809
192	1140
192	1289
192	1296
192	2054
192	2081
192	2088
192	3510
193	384
193	1056
193	1628
194	136
194	304
194	1306
194	2308
194	3762
195	34
195	268
195	2576
196	6
196	9
196	273
196	676
196	2066
198	8
198	53
198	256
198	261
198	2576
199	2064
199	3078
200	20
200	272
200	513
200	593
200	821
200	1540
201	0
201	1064
202	180
202	1409
202	2314
203	820
204	19
204	26
204	274
204	1200
205	32
205	1954
206	112
206	769
206	3097
208	97
208	1123
208	1828
209	1026
209	2374
212	3337
214	576
216	2657
217	57
218	48
224	3077
225	1292
225	1792
226	3117
227	1040
228	8
228	2712
230	280
231	1032
231	1664
232	144
232	258
232	2177
232	2189
233	3200
241	2314
242	2435
243	2085
244	51
244	512
252	2824
256	16
256	48
256	264
256	526
256	603
256	607
256	1011
256	1030
256	1102
256	1154
256	1190
256	1271
256	1555
256	2057
256	2074
256	2120
256	2132
256	2180
256	3080
256	3089
256	3136
256	3257
256	3972
257	16
257	33
257	148
257	506
257	668
257	1046
257	1090
257	1110
257	2068
257	2130
257	2149
257	2638
257	3220
258	272
258	534
258	1044
258	2259
258	2752
258	3224
258	3788
259	137
259	544
259	1241
259	1584
259	1738
260	105
260	112
260	992
260	1040
260	1059
260	1107
260	2067
260	2121
260	2129
260	2185
260	2918
260	3317
261	36
261	578
261	1083
261	2426
261	3212
262	5
262	85
262	121
262	552
262	1117
262	1137
263	32
264	9
264	180
264	209
264	456
264	1026
264	1141
264	1250
264	1573
264	2450
264	3596
265	754
265	1664
266	38
266	1063
266	1737
266	2084
266	2272
266	2628
266	2868
266	3104
266	3633
267	64
267	656
267	1092
267	1124
267	2112
268	1005
268	1111
268	2080
268	2561
268	2693
270	58
270	3280
270	3746
272	193
272	324
272	1065
272	1160
272	1572
272	3300
273	72
273	226
273	588
273	616
273	2241
274	973
274	1056
274	1253
274	2401
274	2560
274	3105
275	1664
275	2304
276	590
276	2061
276	2106
276	2435
276	2577
276	3920
277	512
277	2064
278	547
278	2659
280	320
280	1680
280	2321
280	3105
281	544
281	912
281	2886
282	71
285	3586
286	688
288	73
288	140
288	356
288	455
288	984
288	1250
288	1294
288	1532
288	1754
288	2048
288	3072
288	3096
289	662
289	1158
289	2050
289	2181
289	2697
289	2776
290	2836
291	2632
291	3611
292	526
292	683
292	819
292	1028
292	1168
292	1568
292	2899
292	3155
293	77
293	192
293	586
293	1664
294	77
295	65
295	315
295	592
296	1293
297	16
297	152
298	0
298	532
299	0
300	652
300	1025
300	1561
301	32
301	3856
304	128
304	200
304	561
304	580
304	1217
305	1190
307	178
307	640
307	2120
308	200
308	1154
309	522
311	1160
312	2048
316	512
316	960
320	2
320	16
320	129
320	132
320	271
320	440
320	746
320	1564
320	1666
320	2049
320	2068
320	2084
320	2561
320	3600
321	2
321	3626
322	5
322	58
322	1057
322	1874
322	2954
322	3584
322	3610
323	12
323	2093
323	2210
323	2272
323	3204
323	3590
324	37
324	38
324	513
324	2049
324	2875
324	3620
325	2664
326	402
326	3745
327	16
327	2048
327	2466
330	2688
330	2760
332	561
333	640
333	1042
333	1286
333	1680
335	1026
336	49
336	170
336	1920
336	2852
336	3736
338	2837
341	1208
341	1568
344	130
344	186
348	2080
352	80
352	1552
352	2304
353	2056
354	256
354	585
354	649
354	2052
354	2072
354	2560
354	3736
355	1408
356	67
356	1538
357	2048
358	2698
359	3115
363	148
364	1042
364	2096
366	3220
368	2123
372	1024
374	3346
376	41
376	800
384	2
384	13
384	336
384	563
384	2064
384	2080
384	2802
384	2834
384	3072
384	3601
385	78
385	558
385	1096
385	1098
385	1272
385	2346
385	3088
386	76
386	137
386	149
386	514
386	515
386	521
386	1648
386	2568
387	80
387	1539
387	2052
388	98
388	515
388	1096
388	3658
389	624
389	1024
389	1089
389	3106
389	3144
390	8
390	56
392	1
392	64
392	448
392	608
392	837
392	2049
392	2050
392	2067
392	2195
394	2056
395	1636
396	1538
396	1620
396	2208
397	576
397	2562
397	3616
398	1732
400	520
400	1032
400	1072
400	1632
401	278
401	2113
402	3076
402	3878
409	2570
410	3104
410	3168
410	3395
411	0
416	4
416	5
416	93
416	1024
416	2130
416	2579
416	2662
417	518
418	404
418	513
418	1025
418	2594
418	3147
419	0
420	576
420	1538
420	3592
420	3729
421	1040
422	57
422	930
424	620
424	1604
424	3120
425	3276
428	1552
432	1027
432	2826
433	2390
434	33
436	65
436	66
441	1076
448	138
448	2049
448	3361
448	3908
450	32
450	641
450	1605
451	512
452	26
452	37
452	2053
452	2592
454	2595
456	789
456	3160
460	2093
464	0
464	652
464	1800
464	2340
465	672
466	513
466	2308
467	44
468	540
468	1548
468	3624
472	638
480	1025
486	1088
486	2051
487	792
488	1702
490	3086
496	0
496	1024
498	2048
512	10
512	20
512	38
512	64
512	96
512	137
512	145
512	170
512	198
512	412
512	1028
512	1116
512	1152
512	1184
512	1224
512	1316
512	1318
512	1526
512	2066
512	2077
512	2228
512	2274
512	2448
512	2516
512	2560
512	2702
512	3074
512	3110
512	3140
512	3505
513	32
513	288
513	414
513	486
513	1410
513	3352
513	3440
514	8
514	35
514	440
514	482
514	604
515	72
515	76
515	692
515	1090
515	1313
516	17
516	115
516	302
516	1248
516	1281
516	1961
516	2160
516	2372
516	2458
516	3696
517	374
518	12
518	73
518	264
518	1316
519	313
520	199
520	459
520	643
520	1174
520	1252
520	1478
520	2288
520	3401
520	3889
521	164
521	536
521	2328
521	2520
522	516
522	853
522	3152
523	136
524	130
524	144
524	2065
525	132
525	202
526	256
527	80
528	12
528	256
528	257
528	1166
528	1170
528	1582
528	1701
528	2344
528	2369
528	3360
529	4
530	171
530	2374
530	3021
531	436
532	2210
533	3427
535	32
536	173
536	355
536	421
536	1156
536	1543
536	3328
537	260
537	1060
538	2304
538	3152
540	867
540	1093
540	1601
540	2055
540	2689
541	0
541	64
542	608
544	2
544	16
544	17
544	144
544	388
544	420
544	1029
544	2088
544	2432
544	3145
544	3348
545	173
545	2072
546	4
546	272
546	1226
546	1346
547	3332
548	208
548	2161
549	2054
549	3656
550	1355
550	2256
550	2569
551	1408
552	208
552	1118
552	1360
552	1792
552	1888
552	2056
552	3352
553	44
553	360
553	706
553	1030
553	3204
553	3536
555	148
556	394
556	472
556	2056
557	1410
557	3328
560	2
560	1153
560	2243
560	2369
560	3102
561	0
562	13
562	103
562	256
562	2112
562	3265
564	706
564	1161
564	3074
566	2208
566	2305
568	128
568	1088
568	2372
576	168
576	180
576	256
576	456
576	820
576	1061
576	1088
576	1459
576	2807
576	2852
576	3212
577	32
577	928
577	3328
578	521
578	3360
579	1956
579	2728
579	3100
579	3457
580	146
580	264
580	290
580	392
580	784
580	1032
580	1508
580	2084
581	1041
581	1130
582	3
582	44
582	536
584	140
585	93
585	2306
585	3104
586	321
586	800
586	1428
586	2144
588	16
588	17
589	2061
592	0
592	449
592	2056
593	170
596	35
596	1082
596	3734
597	512
598	565
604	321
605	80
606	2064
608	0
608	144
608	405
608	1026
608	1168
608	2066
609	256
610	139
610	293
611	1168
612	625
614	1088
614	1540
616	65
618	384
618	2352
621	131
623	148
624	2304
625	2440
626	1042
628	79
628	3331
632	1792
633	2192
640	402
640	548
640	576
640	1060
640	1099
640	1192
640	1232
640	1287
640	1540
640	1913
640	2107
640	2218
640	3072
640	3138
640	3729
641	16
641	512
641	784
641	2192
642	1036
642	1124
642	1176
643	116
643	2309
643	2380
644	106
644	308
644	1057
644	1059
644	1569
644	1651
644	3080
645	18
645	104
645	2057
646	306
646	2232
646	4016
647	24
648	16
648	1046
648	1092
648	2054
650	1
650	2128
651	540
652	64
652	144
653	1696
656	1
656	1289
656	2144
656	2193
656	2339
658	1345
660	196
660	299
660	561
660	1056
661	514
664	36
664	2054
664	3108
664	3152
667	3328
668	1040
669	3650
672	134
672	1322
672	1411
672	1673
672	2387
672	3146
673	1132
673	1282
673	3078
674	20
674	401
675	257
676	273
676	280
676	1040
676	2249
677	1356
677	2048
678	24
680	16
680	3268
681	227
681	704
681	1285
682	897
684	1297
684	3330
686	1032
688	97
688	644
690	1042
690	3428
692	15
694	2304
696	2397
699	4
700	64
700	384
704	0
704	3074
704	3086
704	3448
705	89
705	1028
705	2080
705	3401
706	2106
706	2371
707	2096
708	40
709	32
710	185
712	1390
714	1456
716	2049
716	3346
720	773
720	1683
720	2080
720	2197
721	40
722	1300
723	2081
723	2817
724	257
729	1
736	28
736	2361
737	16
737	282
740	65
740	172
748	2054
754	36
768	96
768	128
768	137
768	140
768	145
768	196
768	1032
768	1104
768	1106
768	1153
768	1226
769	33
769	200
769	1184
769	2069
769	2178
769	2180
769	3072
770	0
770	3
770	404
770	2179
772	1
772	64
772	2785
772	3096
772	3617
772	3777
774	56
774	160
774	169
774	3123
775	440
776	226
776	1153
776	1242
776	1253
776	2181
776	2762
777	36
778	3616
780	0
780	2288
780	3137
781	3072
784	2
784	2060
784	2180
784	3103
785	1164
785	2114
785	3734
786	204
788	64
788	1216
788	1280
790	32
792	49
793	28
793	1378
795	64
799	12
800	3281
801	194
801	912
801	2128
801	2224
801	3300
802	224
802	2053
802	2249
804	593
804	2176
810	2129
811	1025
811	2180
812	0
812	704
812	785
814	0
817	2070
820	377
824	2080
826	3264
832	33
832	1155
832	1313
832	2226
833	30
834	33
834	1152
836	1026
836	3200
837	419
840	1
840	2210
840	3235
841	640
842	21
844	1024
844	2697
846	1280
848	1220
848	2761
849	96
849	696
850	67
855	2656
861	2197
864	1161
865	10
868	1557
868	1678
868	2056
872	1173
872	1280
878	1105
881	780
885	2056
885	3200
888	128
891	2120
896	10
896	263
896	352
896	1177
896	1288
896	2326
897	108
897	1052
898	2058
898	3160
899	1851
899	3122
900	80
900	2400
901	2066
901	2154
903	32
905	16
905	832
906	1057
906	1092
911	96
913	72
913	330
913	3652
914	1056
915	1356
917	864
918	5
921	2328
924	2056
928	54
928	64
928	2051
930	2074
932	1920
936	1028
937	2073
944	40
944	82
951	64
960	290
960	521
960	3584
961	144
961	1584
964	522
965	512
965	2050
965	2112
970	0
970	1024
976	48
977	560
977	2115
984	1032
1000	422
1000	3074
1008	2180
1024	7
1024	16
1024	38
1024	64
1024	152
1024	172
1024	200
1024	384
1024	386
1024	734
1024	920
1024	936
1024	1026
1024	1110
1024	1463
1024	1624
1024	1792
1024	2144
1024	2306
1024	2625
1024	3176
1025	42
1025	48
1025	58
1025	128
1025	152
1025	161
1025	248
1025	264
1025	720
1025	2124
1025	2228
1025	2512
1025	2560
1025	2566
1026	0
1026	36
1026	106
1026	133
1026	257
1026	584
1026	628
1026	1314
1026	2168
1026	2264
1026	2293
1026	2592
1026	2916
1027	100
1027	308
1027	600
1027	1240
1027	2052
1027	2880
1027	3776
1028	74
1028	226
1028	273
1028	505
1028	520
1028	730
1028	1153
1028	1311
1028	1380
1028	2072
1028	2227
1028	3089
1029	138
1029	512
1029	536
1029	610
1029	1312
1029	1392
1029	2049
1029	2705
1030	16
1030	24
1030	1152
1030	2584
1030	3314
1032	24
1032	167
1032	484
1032	592
1032	597
1032	768
1032	2037
1032	2064
1032	2112
1033	2128
1034	88
1034	1032
1034	1036
1035	3127
1036	114
1036	294
1036	355
1036	1109
1036	1576
1036	2784
1036	3840
1037	1026
1038	646
1039	162
1040	38
1040	64
1040	65
1040	130
1040	140
1040	448
1040	514
1040	520
1040	592
1040	780
1040	832
1040	1685
1040	1800
1040	2376
1040	2628
1040	2724
1041	774
1041	1803
1041	2412
1041	2828
1042	96
1042	199
1042	272
1042	2116
1043	1
1044	432
1044	971
1044	2184
1044	2698
1044	3452
1045	69
1045	226
1045	514
1046	128
1046	152
1046	289
1048	548
1048	1188
1048	2288
1048	2757
1048	3044
1049	68
1049	208
1049	2624
1049	2692
1050	32
1053	257
1054	2664
1056	25
1056	160
1056	435
1056	678
1056	2648
1056	3029
1057	82
1057	144
1057	534
1057	2881
1057	3789
1058	17
1058	113
1058	665
1058	2757
1059	648
1059	1545
1059	1600
1059	1610
1059	2072
1059	2760
1060	73
1060	132
1060	227
1060	260
1060	650
1060	1024
1060	2067
1060	3280
1061	1056
1062	215
1062	1073
1062	2192
1063	39
1063	1288
1064	92
1064	1111
1064	1420
1064	2049
1064	2821
1064	2949
1064	3393
1065	2
1065	64
1065	320
1065	832
1065	1472
1065	3520
1066	32
1066	256
1066	576
1067	66
1067	2193
1068	578
1068	1297
1069	1702
1069	2752
1070	2064
1072	68
1072	209
1072	262
1072	964
1072	2157
1072	2178
1072	2562
1073	11
1073	561
1073	1472
1073	3754
1074	332
1074	2985
1076	642
1076	777
1076	2570
1080	195
1080	2356
1080	3525
1081	64
1081	834
1081	2371
1082	580
1083	276
1088	102
1088	144
1088	288
1088	290
1088	1085
1088	1468
1088	2553
1088	2562
1088	3011
1088	3459
1089	4
1089	80
1089	178
1089	376
1089	664
1089	808
1089	1085
1089	2308
1090	129
1090	314
1090	528
1090	1113
1090	2853
1090	3024
1091	144
1091	2693
1092	904
1092	2098
1092	2326
1092	3097
1093	832
1094	256
1095	148
1095	3208
1096	13
1096	67
1096	512
1096	612
1096	677
1096	1139
1097	38
1097	1792
1098	2592
1100	96
1100	2610
1100	3090
1102	2673
1103	2064
1104	14
1104	86
1104	264
1104	512
1104	2088
1104	2108
1104	2305
1105	0
1105	32
1105	462
1105	2328
1105	2680
1106	2316
1107	2056
1108	34
1108	298
1108	1356
1110	2957
1112	18
1112	50
1112	386
1112	2833
1114	2250
1116	546
1116	2433
1118	2048
1120	269
1120	563
1120	643
1120	3606
1121	4
1121	642
1121	2052
1121	3584
1122	89
1122	2688
1122	2965
1122	3271
1123	744
1124	27
1124	260
1124	2097
1126	768
1127	8
1128	2561
1129	1282
1130	0
1130	1616
1131	64
1136	258
1139	332
1140	2698
1144	641
1144	770
1148	2176
1152	0
1152	270
1152	516
1152	802
1152	1556
1152	1975
1152	2089
1152	2644
1153	2931
1154	624
1154	676
1154	2058
1154	2656
1156	290
1156	514
1156	616
1156	2088
1157	258
1157	2064
1157	2834
1157	3160
1160	5
1160	64
1160	247
1160	272
1160	1494
1160	1665
1160	2064
1160	2562
1160	2563
1161	2083
1162	72
1162	84
1162	260
1162	3970
1164	1088
1164	2088
1164	2320
1164	2385
1168	204
1169	32
1169	850
1169	2572
1170	524
1172	4
1172	8
1172	136
1177	2053
1177	2720
1178	2145
1182	576
1184	8
1184	23
1184	34
1184	95
1184	278
1184	1549
1184	2060
1184	3660
1185	914
1185	2764
1186	672
1186	2053
1186	2624
1187	832
1189	1562
1191	72
1191	520
1191	1059
1192	16
1192	2816
1193	584
1194	724
1196	4
1196	776
1197	32
1198	1673
1200	142
1200	2373
1201	2306
1206	517
1206	1032
1208	2949
1210	674
1216	1
1216	556
1216	777
1216	808
1217	512
1217	539
1218	165
1220	256
1220	1432
1225	1106
1232	69
1232	384
1232	417
1232	520
1232	791
1232	2067
1232	3332
1233	56
1234	37
1240	324
1241	544
1244	192
1246	2048
1248	1594
1248	2862
1249	18
1250	2901
1251	257
1253	337
1254	921
1256	1873
1256	2576
1258	401
1259	1286
1260	2579
1264	270
1264	1032
1264	1162
1264	2061
1267	392
1272	1035
1274	1024
1280	57
1280	104
1280	132
1280	526
1280	535
1280	640
1280	642
1280	1672
1280	2068
1280	2560
1280	2608
1280	2661
1280	3274
1281	40
1281	134
1281	1034
1281	1674
1281	2074
1281	2132
1281	2208
1281	2228
1281	2272
1281	2328
1281	3484
1282	0
1282	216
1282	281
1282	1752
1283	52
1283	78
1283	253
1283	716
1283	1092
1283	2148
1284	19
1284	128
1284	162
1284	1684
1284	2184
1286	584
1286	2112
1287	1062
1288	752
1288	2337
1288	2359
1289	324
1289	2179
1290	1348
1290	2585
1291	164
1293	198
1293	1664
1294	931
1295	1072
1295	2210
1296	5
1296	95
1296	1218
1296	2225
1297	516
1297	3236
1298	1
1298	1547
1299	536
1301	2700
1302	17
1302	2057
1304	520
1311	2596
1312	2242
1312	3076
1313	2178
1314	2072
1314	2234
1314	2241
1316	2904
1320	544
1320	1043
1320	3286
1321	81
1323	2624
1325	322
1325	1152
1325	2572
1327	384
1328	2312
1344	4
1344	68
1344	1702
1344	2741
1345	12
1345	553
1345	1030
1345	2074
1346	283
1348	18
1348	22
1348	161
1350	673
1350	864
1353	544
1357	1538
1359	1176
1360	2057
1360	2122
1360	2696
1364	3732
1365	2057
1369	2576
1376	2048
1377	64
1377	2187
1380	18
1380	644
1383	24
1384	2561
1384	3074
1392	1160
1408	5
1408	18
1408	536
1408	540
1408	546
1408	866
1408	2104
1408	2123
1408	2304
1408	2564
1408	3904
1410	1652
1410	2305
1412	580
1414	832
1416	13
1416	1065
1416	2560
1416	2576
1418	20
1418	112
1420	2
1420	2052
1424	805
1425	2122
1426	1067
1427	49
1429	354
1440	92
1441	2048
1442	93
1442	325
1449	200
1456	580
1456	2311
1461	2058
1472	2052
1473	2
1473	2050
1480	128
1490	2465
1490	2796
1496	169
1496	1038
1504	2076
1505	66
1506	2065
1512	842
1520	514
1520	2060
1522	13
1536	34
1536	68
1536	134
1536	144
1536	212
1536	289
1536	426
1536	2055
1536	2370
1536	2376
1537	0
1537	2262
1537	3914
1538	137
1538	469
1538	1032
1538	1113
1538	2197
1538	2688
1539	164
1539	642
1539	1314
1539	2260
1539	2540
1540	114
1540	128
1540	261
1540	2542
1540	2897
1541	258
1541	266
1541	656
1542	1472
1542	2608
1543	3328
1544	29
1544	172
1544	338
1544	492
1544	776
1544	1090
1544	2116
1544	2449
1545	2069
1545	2129
1545	2422
1547	277
1548	66
1548	208
1548	1490
1549	242
1549	560
1549	2180
1552	514
1552	2730
1553	2084
1556	256
1556	513
1556	2328
1556	3244
1558	3944
1560	304
1562	0
1566	6
1568	8
1568	2049
1569	2112
1571	260
1572	2080
1572	3394
1576	2326
1577	1110
1578	274
1578	3699
1580	2115
1584	64
1584	459
1586	8
1586	1028
1586	2304
1587	520
1589	2048
1594	2177
1597	2242
1600	409
1601	3152
1602	336
1602	782
1602	1316
1603	288
1604	384
1605	50
1605	1184
1610	2064
1611	2480
1613	286
1613	2082
1617	720
1617	2342
1624	513
1632	1
1632	98
1632	269
1632	344
1632	1324
1632	2502
1633	128
1634	1537
1644	178
1644	3330
1649	0
1652	1089
1664	16
1664	270
1664	290
1665	512
1666	2158
1666	3073
1668	2242
1674	97
1674	113
1680	38
1680	133
1680	1284
1681	2048
1682	172
1684	2114
1685	0
1685	2596
1688	0
1690	2625
1692	2640
1696	3584
1697	4
1698	2060
1698	2316
1699	518
1707	148
1707	1042
1709	65
1716	130
1719	360
1728	1082
1728	2049
1729	68
1731	3074
1732	2178
1732	3218
1735	544
1739	2081
1741	33
1745	2082
1754	673
1754	2339
1762	256
1780	0
1792	1136
1792	1760
1793	17
1793	3610
1794	2169
1794	2568
1795	24
1795	129
1796	2098
1796	3082
1797	544
1799	582
1800	3073
1800	3098
1801	2096
1801	3120
1804	4
1805	160
1808	226
1812	0
1817	2272
1818	48
1820	65
1820	2179
1821	0
1822	64
1825	12
1825	28
1826	4
1826	529
1828	2048
1828	2946
1831	348
1832	2326
1833	3224
1844	1096
1848	4
1848	3779
1856	341
1856	1153
1858	2081
1859	2230
1860	92
1863	160
1865	0
1865	580
1872	162
1874	2184
1875	720
1876	2128
1877	136
1886	44
1888	6
1892	1164
1902	961
1920	512
1921	516
1924	2580
1925	2048
1927	32
1933	595
1942	2657
1943	2326
1952	6
1952	654
1952	2112
1953	1076
1961	260
1963	2076
1966	3088
1968	1194
1969	288
1986	2816
1994	560
2001	8
2002	24
2007	32
2016	561
2020	704
2048	1
2048	2
2048	5
2048	15
2048	66
2048	149
2048	259
2048	270
2048	390
2048	416
2048	509
2048	541
2048	688
2048	689
2048	732
2048	808
2048	900
2048	1078
2048	1092
2048	1100
2048	1236
2048	1760
2048	1913
2048	1921
2048	2834
2048	3096
2048	3713
2049	4
2049	32
2049	307
2049	832
2049	1192
2049	1956
2049	2401
2049	2704
2049	3200
2049	3256
2050	64
2050	96
2050	233
2050	520
2050	672
2050	984
2050	1488
2050	2560
2051	160
2051	208
2051	773
2051	1248
2051	1840
2051	2054
2052	642
2052	1546
2052	1576
2052	2230
2052	2568
2052	3979
2053	2
2053	42
2053	65
2053	538
2054	33
2054	520
2054	632
2054	1112
2055	552
2055	1345
2056	20
2056	468
2056	610
2056	804
2056	1044
2056	1048
2056	1056
2056	1144
2056	1280
2056	1338
2056	1540
2056	1552
2056	1600
2056	2865
2056	2885
2057	32
2057	226
2057	260
2057	1936
2058	259
2058	550
2058	1856
2058	1857
2059	772
2060	266
2060	1078
2061	1158
2062	400
2062	720
2064	48
2064	409
2064	517
2064	1410
2064	1545
2064	1570
2064	1932
2064	3842
2065	1308
2065	2088
2065	2304
2066	4
2066	257
2066	360
2066	869
2066	1032
2066	1548
2066	1549
2066	1600
2066	1632
2066	2052
2067	524
2067	768
2068	257
2068	420
2068	1056
2068	1790
2070	208
2070	784
2070	1832
2071	40
2072	785
2072	835
2072	3365
2073	6
2073	1348
2074	80
2074	240
2075	1024
2078	641
2080	258
2080	320
2080	648
2080	1238
2080	3785
2081	656
2081	1040
2081	1554
2081	1994
2082	0
2082	645
2082	789
2082	960
2082	1544
2082	3205
2084	32
2084	858
2084	1664
2084	1667
2084	3187
2085	10
2085	264
2085	1173
2086	464
2086	1794
2088	4
2088	10
2088	67
2088	514
2088	1093
2088	1426
2088	2888
2089	329
2089	1408
2089	2178
2090	129
2091	324
2092	322
2092	387
2092	1346
2092	3147
2093	3864
2094	16
2096	4
2096	65
2096	781
2096	1048
2096	1294
2097	1866
2098	580
2098	1088
2098	1292
2101	603
2103	1168
2103	1344
2104	643
2105	1024
2106	192
2106	1029
2110	1801
2112	10
2112	54
2112	160
2112	164
2112	435
2112	1058
2112	1320
2112	1429
2112	1816
2112	2424
2113	44
2113	72
2113	590
2113	815
2113	1028
2113	1320
2113	2056
2113	2368
2114	9
2114	522
2114	909
2114	1042
2114	1053
2114	1344
2114	2688
2115	32
2115	224
2116	259
2116	785
2117	516
2117	1024
2118	528
2118	3121
2120	161
2120	166
2120	816
2120	1044
2120	1296
2121	558
2121	1666
2121	2946
2122	180
2122	1105
2122	3926
2124	1347
2124	3472
2126	913
2128	160
2128	515
2128	3332
2129	128
2129	266
2130	16
2130	1704
2130	1976
2131	32
2131	1096
2132	104
2132	3075
2133	2312
2136	1188
2143	1929
2144	818
2144	2906
2144	3089
2145	662
2146	1310
2148	384
2148	1408
2148	2326
2149	384
2150	144
2152	0
2152	274
2157	323
2158	2585
2160	106
2162	401
2162	589
2162	1609
2162	3083
2168	3798
2169	513
2176	57
2176	277
2176	1024
2176	1563
2176	3360
2177	2
2177	20
2177	258
2177	313
2177	1296
2177	1365
2177	1632
2177	2222
2178	21
2178	964
2179	170
2179	2320
2180	106
2180	355
2180	2272
2180	2608
2182	1442
2182	1569
2183	1987
2184	258
2184	342
2184	516
2184	644
2184	1172
2185	1380
2185	1858
2186	516
2187	105
2187	264
2188	131
2188	524
2188	833
2188	1536
2189	8
2189	129
2190	3
2192	336
2192	552
2192	781
2192	1582
2192	3652
2193	866
2193	1390
2195	259
2196	3299
2197	1090
2198	72
2198	1896
2200	553
2201	1129
2204	523
2206	256
2208	596
2208	1094
2208	3923
2209	272
2209	280
2209	1296
2210	3
2210	450
2211	404
2212	4
2212	9
2212	1793
2213	8
2213	1344
2214	273
2214	3624
2220	2833
2222	2131
2224	260
2224	588
2226	1544
2228	512
2228	672
2232	4
2233	192
2234	1089
2240	3
2240	140
2240	673
2240	1051
2240	3650
2241	2050
2241	2052
2241	3085
2242	4
2242	1034
2243	1296
2243	3608
2245	152
2245	800
2245	1342
2245	1544
2246	52
2246	793
2248	514
2249	140
2250	29
2251	292
2256	1299
2256	2344
2257	2
2258	32
2258	808
2258	2369
2258	2588
2259	800
2259	1034
2268	262
2272	258
2273	276
2274	135
2277	42
2278	308
2280	16
2280	1027
2281	352
2283	3650
2284	1441
2285	566
2288	324
2288	1008
2292	163
2292	256
2302	832
2304	562
2304	1085
2304	2082
2305	552
2305	904
2305	1236
2305	1872
2305	2096
2306	9
2306	16
2306	171
2306	580
2306	1098
2306	2080
2306	2969
2306	3088
2307	156
2307	512
2308	706
2308	1026
2308	1546
2308	2088
2308	2211
2309	592
2309	1538
2309	2720
2310	256
2312	74
2312	1557
2312	1604
2313	530
2313	1856
2314	583
2314	807
2314	2212
2316	104
2316	162
2316	688
2316	1544
2317	1088
2317	1986
2318	464
2320	235
2320	544
2320	1090
2320	2561
2321	532
2322	2124
2324	32
2324	545
2324	704
2324	1665
2328	76
2335	606
2336	0
2336	16
2336	196
2336	257
2336	528
2336	1290
2336	1986
2336	2056
2337	314
2337	517
2338	514
2338	1216
2338	1624
2340	176
2340	1024
2340	1664
2340	1992
2340	2828
2342	33
2343	1108
2344	18
2344	34
2344	200
2344	518
2345	32
2348	3253
2350	584
2352	577
2352	640
2352	1636
2352	1697
2352	2147
2353	2186
2356	1395
2357	577
2360	1165
2360	3584
2364	1992
2366	738
2368	138
2368	1156
2368	2169
2368	3587
2369	544
2369	938
2369	1074
2370	2200
2371	708
2371	1096
2372	272
2372	1040
2372	1072
2372	2722
2373	32
2374	20
2375	164
2375	1186
2376	137
2376	720
2376	3684
2382	1537
2383	146
2384	685
2384	1792
2388	128
2392	1154
2392	3104
2393	36
2396	129
2400	1024
2401	1668
2401	2778
2402	1433
2403	534
2404	1
2404	9
2408	21
2408	2388
2411	2084
2416	3084
2421	1674
2432	344
2432	776
2432	2939
2433	32
2433	526
2433	1070
2434	68
2434	3564
2436	96
2439	1546
2440	2058
2441	2152
2442	433
2447	3137
2448	515
2448	1028
2448	1059
2453	770
2456	19
2456	61
2456	545
2457	304
2459	128
2466	33
2466	135
2466	601
2468	1026
2471	1097
2472	1090
2475	36
2482	1025
2483	3078
2488	306
2494	64
2496	555
2496	1040
2496	1545
2497	256
2497	1050
2498	525
2505	2
2505	1060
2506	832
2510	516
2512	8
2512	14
2513	1572
2524	516
2533	1156
2540	32
2560	8
2560	27
2560	51
2560	161
2560	242
2560	1032
2560	1490
2560	1576
2560	1889
2560	2818
2561	12
2561	46
2561	65
2561	84
2561	194
2561	834
2561	1056
2561	2434
2561	3104
2562	102
2562	168
2562	268
2562	372
2562	448
2562	906
2562	909
2562	1168
2563	112
2563	144
2563	812
2564	2
2564	16
2564	32
2564	67
2564	148
2564	547
2564	2177
2564	2473
2565	160
2565	289
2565	2320
2566	33
2566	164
2566	240
2567	836
2567	1280
2568	1064
2568	1083
2570	200
2570	2352
2572	672
2573	208
2574	2176
2575	136
2576	134
2576	266
2576	268
2576	306
2576	1090
2578	384
2579	8
2580	233
2581	0
2581	868
2582	2148
2584	99
2584	387
2584	1240
2585	1038
2586	2053
2587	2304
2588	66
2588	97
2588	1281
2592	326
2592	336
2592	384
2592	453
2592	2444
2593	898
2593	1112
2594	87
2594	274
2594	1120
2595	0
2596	896
2596	1072
2596	2112
2596	2200
2597	1492
2599	0
2601	1024
2601	1088
2601	1426
2601	1463
2606	0
2609	1152
2612	8
2612	1033
2615	1812
2620	322
2621	1824
2624	480
2624	544
2624	568
2624	1059
2624	2050
2626	401
2626	581
2626	1313
2628	4
2628	194
2628	638
2628	2240
2630	1081
2631	48
2631	2312
2632	64
2632	1024
2633	2
2637	130
2641	20
2649	1488
2650	1037
2656	1282
2656	1283
2657	134
2659	32
2665	930
2668	11
2672	14
2677	1160
2688	24
2688	411
2688	1068
2688	1092
2688	1284
2688	2106
2689	8
2689	54
2689	772
2689	963
2689	1294
2690	16
2690	272
2690	3432
2691	256
2691	3077
2692	326
2693	96
2693	3180
2696	1798
2696	2305
2697	256
2697	288
2698	16
2701	64
2701	1158
2702	81
2705	3172
2706	16
2707	257
2708	67
2714	1057
2717	384
2720	153
2720	193
2720	516
2720	2313
2721	784
2721	1038
2722	1360
2724	1875
2726	64
2734	580
2736	880
2737	332
2739	1312
2740	1289
2745	577
2751	3776
2752	38
2752	394
2752	517
2756	88
2756	1028
2761	210
2764	1
2766	276
2768	1091
2792	1286
2800	3330
2809	769
2816	18
2816	212
2816	1047
2817	209
2817	396
2818	36
2818	128
2819	104
2819	1174
2820	9
2823	1216
2824	196
2825	128
2825	2502
2826	2100
2828	1059
2831	1539
2832	16
2832	290
2832	424
2832	1027
2833	1280
2833	3556
2834	0
2834	2088
2835	12
2836	1571
2841	1120
2845	162
2848	1160
2848	1817
2851	481
2852	1611
2853	640
2854	570
2854	1032
2856	1024
2860	1363
2860	2128
2862	1036
2862	1618
2864	192
2864	1745
2868	152
2872	518
2880	1027
2881	10
2884	1054
2888	1082
2889	47
2891	176
2897	0
2897	180
2900	132
2909	40
2910	257
2912	204
2913	2316
2920	1156
2920	1202
2928	1704
2932	2055
2944	177
2944	352
2944	1030
2948	1024
2948	1026
2952	1024
2953	1029
2955	1074
2956	2836
2960	171
2964	2121
2977	3072
2981	906
2984	0
2984	36
2993	514
3003	2192
3008	18
3010	1064
3011	512
3014	52
3021	544
3032	4
3032	115
3040	2061
3058	1024
3060	0
3065	130
3072	9
3072	32
3072	65
3072	66
3072	95
3072	384
3072	549
3072	552
3072	1319
3072	2694
3073	4
3073	540
3073	593
3073	608
3073	683
3073	1420
3074	276
3074	753
3074	835
3074	836
3074	2251
3074	2816
3075	1363
3075	1372
3075	3429
3076	4
3076	663
3076	1536
3076	1909
3076	2161
3077	256
3079	576
3080	726
3080	834
3081	70
3081	258
3081	2050
3084	114
3088	634
3088	832
3088	2120
3089	554
3089	1704
3090	516
3090	1312
3091	780
3092	866
3092	1176
3094	644
3094	2657
3096	1
3096	384
3096	393
3097	336
3097	724
3097	3409
3099	48
3099	776
3101	2407
3103	2806
3104	136
3104	296
3107	328
3107	1193
3108	0
3112	2050
3112	2214
3112	2308
3113	530
3113	1681
3114	2180
3115	4
3116	2592
3117	17
3117	528
3118	3
3120	2180
3122	69
3128	901
3128	2830
3129	130
3131	148
3131	960
3134	1669
3136	69
3136	123
3136	140
3136	1194
3137	128
3137	138
3137	786
3137	1562
3139	777
3140	1285
3141	422
3141	2498
3141	3080
3142	1032
3144	289
3144	1042
3145	1329
3154	400
3155	256
3161	441
3162	5
3166	1984
3168	512
3172	218
3176	36
3177	145
3178	256
3179	256
3184	129
3184	133
3185	9
3185	28
3200	265
3200	833
3200	1092
3200	1308
3200	3930
3201	24
3201	352
3201	514
3201	2048
3204	1026
3204	2049
3208	24
3210	36
3212	868
3214	533
3215	790
3216	2374
3216	2666
3217	1034
3218	256
3218	2093
3220	2176
3232	512
3232	3610
3234	781
3241	516
3246	64
3247	768
3248	194
3249	1280
3253	256
3262	129
3264	9
3264	2832
3265	384
3268	139
3268	528
3272	1043
3281	0
3281	256
3291	84
3296	287
3296	2590
3298	1604
3299	40
3304	1028
3306	770
3320	2340
3322	320
3328	647
3329	40
3329	140
3329	330
3330	235
3330	2062
3330	2625
3331	516
3331	2090
3332	458
3332	514
3334	1153
3336	32
3337	128
3337	406
3338	65
3339	1058
3341	376
3344	82
3345	34
3345	770
3346	524
3352	129
3358	480
3360	14
3360	345
3361	2
3362	18
3362	128
3362	137
3362	2278
3365	216
3367	257
3369	768
3376	65
3379	1666
3383	1162
3384	2112
3384	2196
3385	135
3388	2113
3392	40
3392	3466
3393	1850
3394	785
3395	2056
3396	2050
3397	160
3397	520
3399	129
3400	2
3408	33
3408	1054
3411	1578
3416	34
3416	640
3417	0
3424	1106
3425	136
3426	897
3430	272
3436	612
3448	3783
3456	8
3456	418
3457	97
3458	84
3464	1617
3464	2714
3471	273
3474	1034
3488	1223
3488	1569
3498	85
3502	512
3517	2
3521	272
3528	165
3528	3089
3536	2085
3576	1044
3584	180
3584	192
3584	320
3584	524
3584	674
3584	1088
3584	1120
3584	1168
3584	2105
3584	2376
3585	12
3585	762
3585	1488
3586	54
3586	406
3586	552
3586	2052
3588	38
3588	313
3589	458
3589	544
3590	160
3590	456
3591	53
3592	2820
3598	2048
3600	6
3600	76
3600	79
3600	537
3602	3384
3608	709
3613	128
3618	133
3618	528
3623	16
3632	325
3648	128
3648	514
3648	2096
3649	680
3649	2096
3650	61
3651	204
3652	3620
3655	1192
3662	3347
3669	15
3669	289
3674	2048
3680	16
3686	128
3688	5
3696	406
3713	26
3713	817
3714	213
3714	2368
3717	582
3722	2144
3725	0
3736	1248
3738	257
3744	322
3761	24
3761	88
3767	280
3776	2574
3780	329
3782	42
3784	4
3808	363
3808	1044
3817	1612
3818	264
3840	56
3840	138
3840	343
3843	66
3843	648
3844	1075
3845	80
3856	32
3856	96
3856	2156
3860	201
3861	42
3861	882
3865	2193
3872	6
3872	144
3873	1561
3874	75
3884	0
3884	457
3904	1
3908	30
3914	257
3916	65
3925	80
3936	1191
3948	2068
3952	611
3960	2528
3968	56
3968	330
3974	1104
4000	49
4001	280
4003	1096
4010	1617
4014	1552
4024	2
4026	4
4032	590
4042	13
4080	256
4085	352
4089	0
